108
138
178
158
190
166
135
183
131
186
109
114
180
194
199
130
112
182
104
183
186
148
189
194
166
134
188
141
157
114
164
106
151
123
167
196
163
138
146
127
101
151
122
159
168
109
183
168
147
197
144
154
125
163
154
160
143
144
194
104
174
195
165
149
192
176
116
177
127
171
107
120
101
133
182
175
156
196
159
102
198
180
161
151
151
158
171
168
129
143
188
195
177
179
165
173
134
131
145
110
103
195
112
173
170
188
161
114
161
156
126
132
101
109
109
188
179
151
180
184
105
188
168
175
103
176
188
116
134
109
152
129
123
162
138
177
151
127
143
108
121
170
122
106
160
180
114
160
192
193
159
197
195
191
163
166
147
168
166
199
181
125
183
152
113
160
122
187
171
107
148
109
137
149
188
173
163
119
195
115
112
167
138
144
147
120
148
104
194
129
165
148
161
134
170
105
137
135
135
127
177
184